0.39019029471091926
0.17515274975448847
0.8732208735309541
0.5764818796887994
0.48562855599448085
0.3805230900179595
0.9790929337032139
0.13387709949165583
0.7459726429078728
0.8785483436658978
0.49308344605378807
0.44865990127436817
0.7951870551332831
0.04564692871645093
0.855924206553027
0.8925056140869856
0.9664594696369022
0.6779442166443914
0.4801673833280802
0.48092867713421583
0.23379398207180202
0.10361671564169228
0.7632136538159102
0.17699167947284877
0.22672309610061347
0.7051107205916196
0.433170908363536
0.48883724492043257
0.4264094524551183
0.3361187414266169
0.35704664606601
0.5736774152610451
0.3656867337413132
0.3867116596084088
0.5646550983656198
0.48402330419048667
0.29555649729445577
0.03493166831322014
0.9470385543536395
0.002885758178308606
0.845577894244343
0.588795026531443
0.08058099146001041
0.28121583606116474
0.6585338744334877
0.4602740346454084
0.021755581721663475
0.22440723492763937
0.6486198494676501
0.07370137749239802
0.5248711470048875
0.06517890910618007
0.9330319897271693
0.7165494679939002
0.5516920620575547
0.5421640689019114
0.8501211050897837
0.35652177734300494
0.8776341604534537
0.8995188777334988
0.7569832508452237
0.3937682546675205
0.5208214670419693
0.528640050208196
0.335733785526827
0.012640881119295955
0.3555271786171943
0.6646547657437623
0.08542625163681805
0.38399936934001744
0.9091215315274894
0.282313926378265
0.06063862727023661
0.668442202033475
0.1975461959373206
0.8791916407644749
0.20688670338131487
0.542596343671903
0.11864979565143585
0.767023058841005
0.33055027038790286
0.5572325449902564
0.09941286616958678
0.260908069787547
0.28005989361554384
0.09325106116011739
0.3031649289187044
0.9108590891119093
0.26307034608908
0.45232170703820884
0.26566700357943773
0.8213665129151195
0.43398538208566606
0.853390081319958
0.13901681057177484
0.4184597360435873
0.7661638776771724
0.569990758318454
0.8628963034134358
0.4191354897338897
